SAMN02256313_sorted.bam.mean
478 90 429 520 1921433611
SAMN02256314_sorted.bam.mean
481 100 411 537 2646143609
SAMN02256315_sorted.bam.mean
481 100 423 531 1989654638
SAMN02256316_sorted.bam.mean
475 100 418 524 2045808822
SAMN02256317_sorted.bam.mean
470 100 412 519 2028165735
SAMN02256318_sorted.bam.mean
473 100 424 515 2037313258
SAMN02256319_sorted.bam.mean
467 100 416 510 2036064454
SAMN02256320_sorted.bam.mean
478 100 420 527 2049375211
SAMN02256321_sorted.bam.mean
478 100 421 526 2079404100
SAMN02256322_sorted.bam.mean
474 100 423 518 2037131996

SAMN02261805_sorted.bam.mean
467 100 414 510 1926851606
SAMN02261819_sorted.bam.mean
486 100 434 528 1986001632
SAMN02261840_sorted.bam.mean
479 100 424 520 1996384548
SAMN02261845_sorted.bam.mean
476 100 419 520 1987619965
SAMN02261851_sorted.bam.mean
478 100 419 521 1841897813
SAMN02261853_sorted.bam.mean
491 100 438 530 1857943649
SAMN02261854_sorted.bam.mean
487 100 431 529 2027832970
SAMN02261858_sorted.bam.mean
491 100 415 544 1953251078
SAMN02261865_sorted.bam.mean
491 100 432 537 1855259001
SAMN02261868_sorted.bam.mean
488 100 426 534 1908647204
SAMN02261870_sorted.bam.mean
480 100 424 521 1892475123
SAMN02261878_sorted.bam.mean
471 100 414 514 2003403553
SAMN02261880_sorted.bam.mean
473 100 413 519 1992143402







